420 459 419 458 255
421 460 420 459 255
422 462 421 460 255
424 465 422 462 255
428 468 424 465 255
432 473 428 468 255
435 476 432 473 255
439 477 435 476 255
442 480 439 477 255
448 481 442 480 255
453 481 448 481 255
457 481 453 481 255
464 480 457 481 255
470 479 464 480 255
476 475 470 479 255
483 471 476 475 255
487 468 483 471 255
490 462 487 468 255
495 453 490 462 255
501 440 495 453 255
506 428 501 440 255
512 404 506 428 255
518 382 512 404 255
520 359 518 382 255
520 332 520 359 255
518 304 520 332 255
510 271 518 304 255
504 247 510 271 255
490 219 504 247 255
478 195 490 219 255
466 180 478 195 255
459 171 466 180 255
448 165 459 171 255
435 162 448 165 255
425 162 435 162 255
414 164 425 162 255
403 168 414 164 255
392 175 403 168 255
380 184 392 175 255
370 194 380 184 255
356 209 370 194 255
344 224 356 209 255
336 238 344 224 255
327 258 336 238 255
317 278 327 258 255
306 302 317 278 255
303 318 306 302 255
303 334 303 318 255
304 346 303 334 255
310 365 304 346 255
317 378 310 365 255
325 389 317 378 255
332 399 325 389 255
341 407 332 399 255
351 413 341 407 255
362 418 351 413 255
374 423 362 418 255
387 427 374 423 255
400 428 387 427 255
411 428 400 428 255
424 428 411 428 255
432 426 424 428 255
443 422 432 426 255
450 417 443 422 255
458 412 450 417 255
463 405 458 412 255
468 398 463 405 255
474 389 468 398 255
480 379 474 389 255
484 369 480 379 255
490 358 484 369 255
496 344 490 358 255
502 331 496 344 255
507 312 502 331 255
510 298 507 312 255
514 281 510 298 255
515 268 514 281 255
515 251 515 268 255
515 239 515 251 255
514 227 515 239 255
513 215 514 227 255
510 202 513 215 255
506 188 510 202 255
501 176 506 188 255
495 165 501 176 255
490 154 495 165 255
481 140 490 154 255
469 125 481 140 255
460 114 469 125 255
450 108 460 114 255
439 105 450 108 255
427 101 439 105 255
411 97 427 101 255
393 96 411 97 255
375 96 393 96 255
360 96 375 96 255
338 98 360 96 255
325 100 338 98 255
308 104 325 100 255
296 109 308 104 255
281 115 296 109 255
268 123 281 115 255
257 130 268 123 255
247 139 257 130 255
240 146 247 139 255
232 154 240 146 255
222 165 232 154 255
217 174 222 165 255
212 184 217 174 255
206 195 212 184 255
203 204 206 195 255
202 213 203 204 255
202 221 202 213 255
202 228 202 221 255
202 232 202 228 255
202 238 202 232 255
204 247 202 238 255
207 256 204 247 255
212 267 207 256 255
215 275 212 267 255
221 284 215 275 255
228 294 221 284 255
234 304 228 294 255
242 314 234 304 255
253 326 242 314 255
263 334 253 326 255
269 339 263 334 255
282 346 269 339 255
297 352 282 346 255
312 360 297 352 255
328 369 312 360 255
343 377 328 369 255
367 388 343 377 255
390 400 367 388 255
415 410 390 400 255
449 424 415 410 255
477 435 449 424 255
510 446 477 435 255
549 461 510 446 255
581 471 549 461 255
611 477 581 471 255
625 481 611 477 255
